1.000000
1.000000
1.000000
1.000000
1.000000
0.999999
0.999989
0.999946
0.999827
0.999570
0.999095
0.998307
0.997098
0.995353
0.992961
0.989820
0.985852
0.981010
0.975290
0.968737
0.961454
0.953599
0.945388
0.937083
0.928983
0.921405
0.914667
0.909069
0.904868
0.902263
0.901381
0.902263
0.904868
0.909069
0.914667
0.921405
0.928983
0.937083
0.945388
0.953599
0.961454
0.968737
0.975290
0.981010
0.985852
0.989820
0.992961
0.995353
0.997098
0.998307
0.999095
0.999570
0.999827
0.999946
0.999989
0.999999
1.000000
1.000000
1.000000
1.000000
1.000000
1.000000
1.000000
0.999995
0.999966
0.999876
0.999666
0.999256
0.998545
0.997415
0.995731
0.993348
0.990122
0.985914
0.980605
0.974104
0.966362
0.957382
0.947229
0.936032
0.923993
0.911378
0.898515
0.885782
0.873586
0.862351
0.852487
0.844371
0.838325
0.834594
0.833333
0.834594
0.838325
0.844371
0.852487
0.862351
0.873586
0.885782
0.898515
0.911378
0.923993
0.936032
0.947229
0.957382
0.966362
0.974104
0.980605
0.985914
0.990122
0.993348
0.995731
0.997415
0.998545
0.999256
0.999666
0.999876
0.999966
0.999995
1.000000
1.000000
0.999919
0.999779
0.999501
0.999013
0.998223
0.997025
0.995296
0.992903
0.989704
0.985555
0.980313
0.973852
0.966060
0.956859
0.946204
0.934101
0.920606
0.905836
0.889969
0.873248
0.855974
0.838500
0.821226
0.804577
0.788994
0.774913
0.762745
0.752860
0.745564
0.741091
0.739583
0.741091
0.745564
0.752860
0.762745
0.774913
0.788994
0.804577
0.821226
0.838500
0.855974
0.873248
0.889969
0.905836
0.920606
0.934101
0.946204
0.956859
0.966060
0.973852
0.980313
0.985555
0.989704
0.992903
0.995296
0.997025
0.998223
0.999013
0.999501
0.999779
