1.000000
1.000000
1.000000
1.000000
1.000000
1.000000
1.000000
1.000000
1.000000
1.000000
1.000000
1.000000
1.000000
1.000000
1.000000
1.000000
1.000000
1.000000
1.000000
1.000000
1.000000
1.000000
1.000000
1.000000
1.000000
1.000000
1.000000
1.000000
1.000000
1.000000
1.000000
1.000000
1.000000
1.000000
1.000000
1.000000
1.000000
1.000000
1.000000
1.000000
1.000000
1.000000
1.000000
1.000000
1.000000
1.000000
1.000000
1.000000
1.000000
1.000000
1.000000
1.000000
1.000000
1.000000
1.000000
1.000000
1.000000
1.000000
1.000000
1.000000
1.000000
1.000000
1.000000
1.000000
1.000000
1.000000
1.000000
1.000000
1.000000
1.000000
1.000000
1.000000
1.000000
1.000000
1.000000
1.000000
1.000000
1.000000
1.000000
1.000000
1.000000
1.000000
1.000000
1.000000
1.000000
1.000000
1.000000
1.000000
1.000000
1.000000
1.000000
1.000000
1.000000
1.000000
1.000000
1.000000
1.000000
1.000000
1.000000
1.000000
1.000000
1.000000
1.000000
1.000000
1.000000
1.000000
1.000000
1.000000
1.000000
1.000000
1.000000
1.000000
1.000000
1.000000
1.000000
1.000000
1.000000
1.000000
1.000000
1.000000
1.000000
1.000000
1.000000
1.000000
1.000000
1.000000
1.000000
1.000000
1.000000
1.000000
1.000000
1.000000
1.000000
1.000000
1.000000
1.000000
1.000000
1.000000
1.000000
1.000000
1.000000
1.000000
1.000000
1.000000
1.000000
1.000000
1.000000
1.000000
1.000000
1.000000
1.000000
1.000000
1.000000
1.000000
1.000000
1.000000
1.000000
1.000000
1.000000
1.000000
1.000000
1.000000
1.000000
1.000000
1.000000
1.000000
1.000000
0.999999
0.999992
0.999977
0.999955
0.999925
0.999888
0.999843
0.999791
0.999732
0.999666
0.999591
0.999510
0.999421
0.999325
0.999221
0.999111
0.998992
0.998867
0.998734
0.998594
0.998446
0.998292
0.998130
0.997960
0.997784
0.997600
0.997409
0.997211
0.997006
0.996793
0.996574
0.996347
0.996113
0.995873
0.995625
0.995370
0.995108
0.994839
0.994563
0.994280
0.993991
0.993694
0.993391
0.993081
0.992763
0.992440
0.992109
0.991772
0.991428
0.991077
0.990720
0.990356
0.989986
0.989609
0.989225
0.988835
0.988439
0.988036
0.987627
0.987212
0.986790
0.986363
0.985928
0.985488
0.985042
0.984589
0.984131
0.983666
0.983196
0.982720
0.982237
0.981749
0.981255
0.980756
0.980250
0.979739
0.979223
0.978701
0.978173
0.977640
0.977101
0.976557
0.976008
0.975453
0.974893
0.974328
0.973758
0.973183
0.972603
0.972017
0.971427
0.970832
0.970232
0.969628
0.969018
0.968404
0.967786
0.967163
0.966535
0.965903
0.965266
0.964626
0.963981
0.963331
0.962678
0.962020
0.961359
0.960693
0.960024
0.959350
0.958673
0.957992
0.957308
0.956620
0.955928
0.955233
0.954534
0.953832
0.953127
0.952418
0.951707
0.950992
0.950274
0.949553
0.948829
0.948102
0.947373
0.946641
0.945906
0.945168
0.944428
0.943686
0.942941
0.942194
0.941444
0.940692
0.939939
0.939183
0.938425
0.937665
0.936903
0.936140
0.935374
0.934607
0.933839
0.933069
0.932297
0.931524
0.930750
0.929975
0.929198
0.928420
0.927641
0.926861
0.926081
0.925299
0.924517
0.923734
0.922950
0.922166
0.921381
0.920596
0.919811
0.919025
0.918239
0.917453
0.916667
0.915880
0.915094
0.914308
0.913523
0.912737
0.911952
0.911167
0.910383
0.909600
0.908816
0.908034
0.907253
0.906472
0.905692
0.904913
0.904135
0.903359
0.902583
0.901809
0.901036
0.900265
0.899495
0.898726
0.897959
0.897194
0.896430
0.895668
0.894909
0.894151
0.893395
0.892641
0.891889
0.891140
0.890392
0.889648
0.888905
0.888165
0.887427
0.886693
0.885960
0.885231
0.884504
0.883780
0.883059
0.882342
0.881627
0.880915
0.880206
0.879501
0.878799
0.878100
0.877405
0.876714
0.876025
0.875341
0.874660
0.873983
0.873310
0.872640
0.871975
0.871313
0.870656
0.870002
0.869353
0.868708
0.868067
0.867430
0.866798
0.866171
0.865548
0.864929
0.864315
0.863706
0.863101
0.862501
0.861906
0.861316
0.860731
0.860150
0.859575
0.859005
0.858440
0.857880
0.857326
0.856776
0.856232
0.855694
0.855161
0.854633
0.854111
0.853594
0.853083
0.852578
0.852078
0.851584
0.851096
0.850614
0.850137
0.849667
0.849202
0.848744
0.848291
0.847845
0.847405
0.846971
0.846543
0.846121
0.845706
0.845297
0.844894
0.844498
0.844108
0.843725
0.843348
0.842977
0.842613
0.842256
0.841906
0.841562
0.841224
0.840894
0.840570
0.840253
0.839943
0.839639
0.839343
0.839053
0.838770
0.838494
0.838225
0.837963
0.837709
0.837461
0.837220
0.836986
0.836759
0.836540
0.836327
0.836122
0.835924
0.835733
0.835549
0.835373
0.835204
0.835042
0.834887
0.834740
0.834599
0.834466
0.834341
0.834223
0.834112
0.834008
0.833912
0.833823
0.833742
0.833668
0.833601
0.833542
0.833490
0.833445
0.833408
0.833379
0.833357
0.833342
0.833334
0.833334
0.833342
0.833357
0.833379
0.833408
0.833445
0.833490
0.833542
0.833601
0.833668
0.833742
0.833823
0.833912
0.834008
0.834112
0.834223
0.834341
0.834466
0.834599
0.834740
0.834887
0.835042
0.835204
0.835373
0.835549
0.835733
0.835924
0.836122
0.836327
0.836540
0.836759
0.836986
0.837220
0.837461
0.837709
0.837963
0.838225
0.838494
0.838770
0.839053
0.839343
0.839639
0.839943
0.840253
0.840570
0.840894
0.841224
0.841562
0.841906
0.842256
0.842613
0.842977
0.843348
0.843725
0.844108
0.844498
0.844894
0.845297
0.845706
0.846121
0.846543
0.846971
0.847405
0.847845
0.848291
0.848744
0.849202
0.849667
0.850137
0.850614
0.851096
0.851584
0.852078
0.852578
0.853083
0.853594
0.854111
0.854633
0.855161
0.855694
0.856232
0.856776
0.857326
0.857880
0.858440
0.859005
0.859575
0.860150
0.860731
0.861316
0.861906
0.862501
0.863101
0.863706
0.864315
0.864929
0.865548
0.866171
0.866798
0.867430
0.868067
0.868708
0.869353
0.870002
0.870656
0.871313
0.871975
0.872640
0.873310
0.873983
0.874660
0.875341
0.876025
0.876714
0.877405
0.878100
0.878799
0.879501
0.880206
0.880915
0.881627
0.882342
0.883059
0.883780
0.884504
0.885231
0.885960
0.886693
0.887427
0.888165
0.888905
0.889648
0.890392
0.891140
0.891889
0.892641
0.893395
0.894151
0.894909
0.895668
0.896430
0.897194
0.897959
0.898726
0.899495
0.900265
0.901036
0.901809
0.902583
0.903359
0.904135
0.904913
0.905692
0.906472
0.907253
0.908034
0.908816
0.909600
0.910383
0.911167
0.911952
0.912737
0.913523
0.914308
0.915094
0.915880
0.916667
0.917453
0.918239
0.919025
0.919811
0.920596
0.921381
0.922166
0.922950
0.923734
0.924517
0.925299
0.926081
0.926861
0.927641
0.928420
0.929198
0.929975
0.930750
0.931524
0.932297
0.933069
0.933839
0.934607
0.935374
0.936140
0.936903
0.937665
0.938425
0.939183
0.939939
0.940692
0.941444
0.942194
0.942941
0.943686
0.944428
0.945168
0.945906
0.946641
0.947373
0.948102
0.948829
0.949553
0.950274
0.950992
0.951707
0.952418
0.953127
0.953832
0.954534
0.955233
0.955928
0.956620
0.957308
0.957992
0.958673
0.959350
0.960024
0.960693
0.961359
0.962020
0.962678
0.963331
0.963981
0.964626
0.965266
0.965903
0.966535
0.967163
0.967786
0.968404
0.969018
0.969628
0.970232
0.970832
0.971427
0.972017
0.972603
0.973183
0.973758
0.974328
0.974893
0.975453
0.976008
0.976557
0.977101
0.977640
0.978173
0.978701
0.979223
0.979739
0.980250
0.980756
0.981255
0.981749
0.982237
0.982720
0.983196
0.983666
0.984131
0.984589
0.985042
0.985488
0.985928
0.986363
0.986790
0.987212
0.987627
0.988036
0.988439
0.988835
0.989225
0.989609
0.989986
0.990356
0.990720
0.991077
0.991428
0.991772
0.992109
0.992440
0.992763
0.993081
0.993391
0.993694
0.993991
0.994280
0.994563
0.994839
0.995108
0.995370
0.995625
0.995873
0.996113
0.996347
0.996574
0.996793
0.997006
0.997211
0.997409
0.997600
0.997784
0.997960
0.998130
0.998292
0.998446
0.998594
0.998734
0.998867
0.998992
0.999111
0.999221
0.999325
0.999421
0.999510
0.999591
0.999666
0.999732
0.999791
0.999843
0.999888
0.999925
0.999955
0.999977
0.999992
0.999999
1.000000
1.000000
1.000000
1.000000
1.000000
1.000000
1.000000
1.000000
1.000000
1.000000
1.000000
1.000000
1.000000
1.000000
1.000000
1.000000
1.000000
1.000000
1.000000
1.000000
1.000000
1.000000
1.000000
1.000000
1.000000
1.000000
1.000000
1.000000
1.000000
1.000000
1.000000
1.000000
1.000000
1.000000
1.000000
1.000000
1.000000
1.000000
1.000000
1.000000
1.000000
1.000000
1.000000
1.000000
1.000000
1.000000
1.000000
1.000000
1.000000
1.000000
1.000000
1.000000
1.000000
1.000000
1.000000
1.000000
1.000000
1.000000
1.000000
1.000000
1.000000
1.000000
1.000000
1.000000
1.000000
1.000000
1.000000
1.000000
1.000000
1.000000
1.000000
1.000000
1.000000
1.000000
1.000000
1.000000
1.000000
1.000000
1.000000
1.000000
1.000000
1.000000
1.000000
1.000000
1.000000
1.000000
1.000000
1.000000
1.000000
1.000000
1.000000
1.000000
1.000000
1.000000
1.000000
1.000000
1.000000
1.000000
1.000000
1.000000
1.000000
1.000000
1.000000
1.000000
1.000000
1.000000
1.000000
1.000000
1.000000
1.000000
1.000000
1.000000
1.000000
1.000000
1.000000
1.000000
1.000000
1.000000
1.000000
1.000000
1.000000
1.000000
1.000000
1.000000
1.000000
1.000000
1.000000
1.000000
1.000000
1.000000
1.000000
1.000000
1.000000
1.000000
1.000000
1.000000
1.000000
1.000000
1.000000
1.000000
1.000000
1.000000
1.000000
1.000000
1.000000
1.000000
1.000000
1.000000
1.000000
1.000000
1.000000
1.000000
1.000000
1.000000
1.000000
1.000000
1.000000
1.000000
1.000000
1.000000
1.000000
1.000000
1.000000
1.000000
1.000000
1.000000
1.000000
