-30.000000
-29.939940
-29.879880
-29.819820
-29.759760
-29.699700
-29.639640
-29.579580
-29.519520
-29.459459
-29.399399
-29.339339
-29.279279
-29.219219
-29.159159
-29.099099
-29.039039
-28.978979
-28.918919
-28.858859
-28.798799
-28.738739
-28.678679
-28.618619
-28.558559
-28.498498
-28.438438
-28.378378
-28.318318
-28.258258
-28.198198
-28.138138
-28.078078
-28.018018
-27.957958
-27.897898
-27.837838
-27.777778
-27.717718
-27.657658
-27.597598
-27.537538
-27.477477
-27.417417
-27.357357
-27.297297
-27.237237
-27.177177
-27.117117
-27.057057
-26.996997
-26.936937
-26.876877
-26.816817
-26.756757
-26.696697
-26.636637
-26.576577
-26.516517
-26.456456
-26.396396
-26.336336
-26.276276
-26.216216
-26.156156
-26.096096
-26.036036
-25.975976
-25.915916
-25.855856
-25.795796
-25.735736
-25.675676
-25.615616
-25.555556
-25.495495
-25.435435
-25.375375
-25.315315
-25.255255
-25.195195
-25.135135
-25.075075
-25.015015
-24.954955
-24.894895
-24.834835
-24.774775
-24.714715
-24.654655
-24.594595
-24.534535
-24.474474
-24.414414
-24.354354
-24.294294
-24.234234
-24.174174
-24.114114
-24.054054
-23.993994
-23.933934
-23.873874
-23.813814
-23.753754
-23.693694
-23.633634
-23.573574
-23.513514
-23.453453
-23.393393
-23.333333
-23.273273
-23.213213
-23.153153
-23.093093
-23.033033
-22.972973
-22.912913
-22.852853
-22.792793
-22.732733
-22.672673
-22.612613
-22.552553
-22.492492
-22.432432
-22.372372
-22.312312
-22.252252
-22.192192
-22.132132
-22.072072
-22.012012
-21.951952
-21.891892
-21.831832
-21.771772
-21.711712
-21.651652
-21.591592
-21.531532
-21.471471
-21.411411
-21.351351
-21.291291
-21.231231
-21.171171
-21.111111
-21.051051
-20.990991
-20.930931
-20.870871
-20.810811
-20.750751
-20.690691
-20.630631
-20.570571
-20.510511
-20.450450
-20.390390
-20.330330
-20.270270
-20.210210
-20.150150
-20.090090
-20.030030
-19.969970
-19.909910
-19.849850
-19.789790
-19.729730
-19.669670
-19.609610
-19.549550
-19.489489
-19.429429
-19.369369
-19.309309
-19.249249
-19.189189
-19.129129
-19.069069
-19.009009
-18.948949
-18.888889
-18.828829
-18.768769
-18.708709
-18.648649
-18.588589
-18.528529
-18.468468
-18.408408
-18.348348
-18.288288
-18.228228
-18.168168
-18.108108
-18.048048
-17.987988
-17.927928
-17.867868
-17.807808
-17.747748
-17.687688
-17.627628
-17.567568
-17.507508
-17.447447
-17.387387
-17.327327
-17.267267
-17.207207
-17.147147
-17.087087
-17.027027
-16.966967
-16.906907
-16.846847
-16.786787
-16.726727
-16.666667
-16.606607
-16.546547
-16.486486
-16.426426
-16.366366
-16.306306
-16.246246
-16.186186
-16.126126
-16.066066
-16.006006
-15.945946
-15.885886
-15.825826
-15.765766
-15.705706
-15.645646
-15.585586
-15.525526
-15.465465
-15.405405
-15.345345
-15.285285
-15.225225
-15.165165
-15.105105
-15.045045
-14.984985
-14.924925
-14.864865
-14.804805
-14.744745
-14.684685
-14.624625
-14.564565
-14.504505
-14.444444
-14.384384
-14.324324
-14.264264
-14.204204
-14.144144
-14.084084
-14.024024
-13.963964
-13.903904
-13.843844
-13.783784
-13.723724
-13.663664
-13.603604
-13.543544
-13.483483
-13.423423
-13.363363
-13.303303
-13.243243
-13.183183
-13.123123
-13.063063
-13.003003
-12.942943
-12.882883
-12.822823
-12.762763
-12.702703
-12.642643
-12.582583
-12.522523
-12.462462
-12.402402
-12.342342
-12.282282
-12.222222
-12.162162
-12.102102
-12.042042
-11.981982
-11.921922
-11.861862
-11.801802
-11.741742
-11.681682
-11.621622
-11.561562
-11.501502
-11.441441
-11.381381
-11.321321
-11.261261
-11.201201
-11.141141
-11.081081
-11.021021
-10.960961
-10.900901
-10.840841
-10.780781
-10.720721
-10.660661
-10.600601
-10.540541
-10.480480
-10.420420
-10.360360
-10.300300
-10.240240
-10.180180
-10.120120
-10.060060
-10.000000
-9.939940
-9.879880
-9.819820
-9.759760
-9.699700
-9.639640
-9.579580
-9.519520
-9.459459
-9.399399
-9.339339
-9.279279
-9.219219
-9.159159
-9.099099
-9.039039
-8.978979
-8.918919
-8.858859
-8.798799
-8.738739
-8.678679
-8.618619
-8.558559
-8.498498
-8.438438
-8.378378
-8.318318
-8.258258
-8.198198
-8.138138
-8.078078
-8.018018
-7.957958
-7.897898
-7.837838
-7.777778
-7.717718
-7.657658
-7.597598
-7.537538
-7.477477
-7.417417
-7.357357
-7.297297
-7.237237
-7.177177
-7.117117
-7.057057
-6.996997
-6.936937
-6.876877
-6.816817
-6.756757
-6.696697
-6.636637
-6.576577
-6.516517
-6.456456
-6.396396
-6.336336
-6.276276
-6.216216
-6.156156
-6.096096
-6.036036
-5.975976
-5.915916
-5.855856
-5.795796
-5.735736
-5.675676
-5.615616
-5.555556
-5.495495
-5.435435
-5.375375
-5.315315
-5.255255
-5.195195
-5.135135
-5.075075
-5.015015
-4.954955
-4.894895
-4.834835
-4.774775
-4.714715
-4.654655
-4.594595
-4.534535
-4.474474
-4.414414
-4.354354
-4.294294
-4.234234
-4.174174
-4.114114
-4.054054
-3.993994
-3.933934
-3.873874
-3.813814
-3.753754
-3.693694
-3.633634
-3.573574
-3.513514
-3.453453
-3.393393
-3.333333
-3.273273
-3.213213
-3.153153
-3.093093
-3.033033
-2.972973
-2.912913
-2.852853
-2.792793
-2.732733
-2.672673
-2.612613
-2.552553
-2.492492
-2.432432
-2.372372
-2.312312
-2.252252
-2.192192
-2.132132
-2.072072
-2.012012
-1.951952
-1.891892
-1.831832
-1.771772
-1.711712
-1.651652
-1.591592
-1.531532
-1.471471
-1.411411
-1.351351
-1.291291
-1.231231
-1.171171
-1.111111
-1.051051
-0.990991
-0.930931
-0.870871
-0.810811
-0.750751
-0.690691
-0.630631
-0.570571
-0.510511
-0.450450
-0.390390
-0.330330
-0.270270
-0.210210
-0.150150
-0.090090
-0.030030
0.030030
0.090090
0.150150
0.210210
0.270270
0.330330
0.390390
0.450450
0.510511
0.570571
0.630631
0.690691
0.750751
0.810811
0.870871
0.930931
0.990991
1.051051
1.111111
1.171171
1.231231
1.291291
1.351351
1.411411
1.471471
1.531532
1.591592
1.651652
1.711712
1.771772
1.831832
1.891892
1.951952
2.012012
2.072072
2.132132
2.192192
2.252252
2.312312
2.372372
2.432432
2.492492
2.552553
2.612613
2.672673
2.732733
2.792793
2.852853
2.912913
2.972973
3.033033
3.093093
3.153153
3.213213
3.273273
3.333333
3.393393
3.453453
3.513514
3.573574
3.633634
3.693694
3.753754
3.813814
3.873874
3.933934
3.993994
4.054054
4.114114
4.174174
4.234234
4.294294
4.354354
4.414414
4.474474
4.534535
4.594595
4.654655
4.714715
4.774775
4.834835
4.894895
4.954955
5.015015
5.075075
5.135135
5.195195
5.255255
5.315315
5.375375
5.435435
5.495495
5.555556
5.615616
5.675676
5.735736
5.795796
5.855856
5.915916
5.975976
6.036036
6.096096
6.156156
6.216216
6.276276
6.336336
6.396396
6.456456
6.516517
6.576577
6.636637
6.696697
6.756757
6.816817
6.876877
6.936937
6.996997
7.057057
7.117117
7.177177
7.237237
7.297297
7.357357
7.417417
7.477477
7.537538
7.597598
7.657658
7.717718
7.777778
7.837838
7.897898
7.957958
8.018018
8.078078
8.138138
8.198198
8.258258
8.318318
8.378378
8.438438
8.498498
8.558559
8.618619
8.678679
8.738739
8.798799
8.858859
8.918919
8.978979
9.039039
9.099099
9.159159
9.219219
9.279279
9.339339
9.399399
9.459459
9.519520
9.579580
9.639640
9.699700
9.759760
9.819820
9.879880
9.939940
10.000000
10.060060
10.120120
10.180180
10.240240
10.300300
10.360360
10.420420
10.480480
10.540541
10.600601
10.660661
10.720721
10.780781
10.840841
10.900901
10.960961
11.021021
11.081081
11.141141
11.201201
11.261261
11.321321
11.381381
11.441441
11.501502
11.561562
11.621622
11.681682
11.741742
11.801802
11.861862
11.921922
11.981982
12.042042
12.102102
12.162162
12.222222
12.282282
12.342342
12.402402
12.462462
12.522523
12.582583
12.642643
12.702703
12.762763
12.822823
12.882883
12.942943
13.003003
13.063063
13.123123
13.183183
13.243243
13.303303
13.363363
13.423423
13.483483
13.543544
13.603604
13.663664
13.723724
13.783784
13.843844
13.903904
13.963964
14.024024
14.084084
14.144144
14.204204
14.264264
14.324324
14.384384
14.444444
14.504505
14.564565
14.624625
14.684685
14.744745
14.804805
14.864865
14.924925
14.984985
15.045045
15.105105
15.165165
15.225225
15.285285
15.345345
15.405405
15.465465
15.525526
15.585586
15.645646
15.705706
15.765766
15.825826
15.885886
15.945946
16.006006
16.066066
16.126126
16.186186
16.246246
16.306306
16.366366
16.426426
16.486486
16.546547
16.606607
16.666667
16.726727
16.786787
16.846847
16.906907
16.966967
17.027027
17.087087
17.147147
17.207207
17.267267
17.327327
17.387387
17.447447
17.507508
17.567568
17.627628
17.687688
17.747748
17.807808
17.867868
17.927928
17.987988
18.048048
18.108108
18.168168
18.228228
18.288288
18.348348
18.408408
18.468468
18.528529
18.588589
18.648649
18.708709
18.768769
18.828829
18.888889
18.948949
19.009009
19.069069
19.129129
19.189189
19.249249
19.309309
19.369369
19.429429
19.489489
19.549550
19.609610
19.669670
19.729730
19.789790
19.849850
19.909910
19.969970
20.030030
20.090090
20.150150
20.210210
20.270270
20.330330
20.390390
20.450450
20.510511
20.570571
20.630631
20.690691
20.750751
20.810811
20.870871
20.930931
20.990991
21.051051
21.111111
21.171171
21.231231
21.291291
21.351351
21.411411
21.471471
21.531532
21.591592
21.651652
21.711712
21.771772
21.831832
21.891892
21.951952
22.012012
22.072072
22.132132
22.192192
22.252252
22.312312
22.372372
22.432432
22.492492
22.552553
22.612613
22.672673
22.732733
22.792793
22.852853
22.912913
22.972973
23.033033
23.093093
23.153153
23.213213
23.273273
23.333333
23.393393
23.453453
23.513514
23.573574
23.633634
23.693694
23.753754
23.813814
23.873874
23.933934
23.993994
24.054054
24.114114
24.174174
24.234234
24.294294
24.354354
24.414414
24.474474
24.534535
24.594595
24.654655
24.714715
24.774775
24.834835
24.894895
24.954955
25.015015
25.075075
25.135135
25.195195
25.255255
25.315315
25.375375
25.435435
25.495495
25.555556
25.615616
25.675676
25.735736
25.795796
25.855856
25.915916
25.975976
26.036036
26.096096
26.156156
26.216216
26.276276
26.336336
26.396396
26.456456
26.516517
26.576577
26.636637
26.696697
26.756757
26.816817
26.876877
26.936937
26.996997
27.057057
27.117117
27.177177
27.237237
27.297297
27.357357
27.417417
27.477477
27.537538
27.597598
27.657658
27.717718
27.777778
27.837838
27.897898
27.957958
28.018018
28.078078
28.138138
28.198198
28.258258
28.318318
28.378378
28.438438
28.498498
28.558559
28.618619
28.678679
28.738739
28.798799
28.858859
28.918919
28.978979
29.039039
29.099099
29.159159
29.219219
29.279279
29.339339
29.399399
29.459459
29.519520
29.579580
29.639640
29.699700
29.759760
29.819820
29.879880
29.939940
30.000000
