1.000000
1.000000
1.000000
1.000000
1.000000
1.000000
1.000000
1.000000
1.000000
1.000000
1.000000
1.000000
1.000000
1.000000
1.000000
1.000000
1.000000
1.000000
1.000000
1.000000
1.000000
1.000000
1.000000
1.000000
1.000000
1.000000
1.000000
1.000000
1.000000
1.000000
1.000000
1.000000
1.000000
1.000000
1.000000
1.000000
1.000000
1.000000
1.000000
1.000000
1.000000
1.000000
1.000000
1.000000
1.000000
1.000000
1.000000
1.000000
1.000000
1.000000
1.000000
1.000000
1.000000
1.000000
1.000000
1.000000
1.000000
1.000000
1.000000
1.000000
1.000000
1.000000
1.000000
1.000000
1.000000
1.000000
1.000000
1.000000
1.000000
1.000000
1.000000
1.000000
1.000000
1.000000
1.000000
1.000000
1.000000
1.000000
1.000000
1.000000
1.000000
1.000000
1.000000
1.000000
1.000000
1.000000
1.000000
1.000000
1.000000
1.000000
1.000000
1.000000
1.000000
1.000000
1.000000
1.000000
1.000000
1.000000
1.000000
1.000000
1.000000
1.000000
1.000000
1.000000
1.000000
1.000000
1.000000
1.000000
1.000000
1.000000
1.000000
1.000000
1.000000
1.000000
1.000000
1.000000
1.000000
1.000000
1.000000
1.000000
1.000000
1.000000
1.000000
1.000000
1.000000
1.000000
1.000000
1.000000
1.000000
1.000000
1.000000
1.000000
1.000000
1.000000
1.000000
1.000000
1.000000
1.000000
1.000000
1.000000
1.000000
1.000000
1.000000
1.000000
1.000000
1.000000
1.000000
1.000000
1.000000
1.000000
1.000000
1.000000
1.000000
1.000000
1.000000
1.000000
1.000000
1.000000
1.000000
1.000000
1.000000
1.000000
1.000000
1.000000
1.000000
1.000000
1.000000
0.999999
0.999995
0.999986
0.999973
0.999956
0.999934
0.999907
0.999877
0.999842
0.999802
0.999758
0.999710
0.999658
0.999601
0.999539
0.999474
0.999404
0.999329
0.999251
0.999168
0.999081
0.998989
0.998893
0.998793
0.998689
0.998580
0.998467
0.998350
0.998228
0.998103
0.997973
0.997839
0.997700
0.997558
0.997411
0.997260
0.997105
0.996946
0.996783
0.996616
0.996444
0.996269
0.996089
0.995906
0.995718
0.995526
0.995331
0.995131
0.994928
0.994720
0.994509
0.994294
0.994074
0.993851
0.993624
0.993394
0.993159
0.992921
0.992679
0.992433
0.992184
0.991931
0.991674
0.991413
0.991149
0.990881
0.990610
0.990335
0.990057
0.989775
0.989490
0.989201
0.988908
0.988613
0.988314
0.988011
0.987706
0.987397
0.987084
0.986769
0.986450
0.986128
0.985803
0.985475
0.985144
0.984810
0.984472
0.984132
0.983789
0.983442
0.983093
0.982741
0.982386
0.982028
0.981668
0.981304
0.980938
0.980570
0.980198
0.979824
0.979448
0.979068
0.978687
0.978303
0.977916
0.977527
0.977135
0.976742
0.976345
0.975947
0.975546
0.975143
0.974738
0.974331
0.973922
0.973511
0.973097
0.972682
0.972264
0.971845
0.971424
0.971001
0.970576
0.970150
0.969721
0.969291
0.968860
0.968426
0.967992
0.967555
0.967117
0.966678
0.966237
0.965795
0.965352
0.964907
0.964461
0.964013
0.963565
0.963115
0.962665
0.962213
0.961760
0.961306
0.960851
0.960396
0.959939
0.959482
0.959024
0.958565
0.958105
0.957645
0.957184
0.956723
0.956261
0.955798
0.955335
0.954872
0.954408
0.953944
0.953480
0.953015
0.952551
0.952086
0.951621
0.951156
0.950690
0.950225
0.949760
0.949295
0.948830
0.948365
0.947901
0.947436
0.946972
0.946509
0.946045
0.945582
0.945120
0.944658
0.944196
0.943736
0.943275
0.942816
0.942357
0.941899
0.941441
0.940985
0.940529
0.940075
0.939621
0.939168
0.938716
0.938265
0.937816
0.937367
0.936920
0.936474
0.936029
0.935586
0.935143
0.934703
0.934263
0.933825
0.933389
0.932954
0.932521
0.932089
0.931659
0.931231
0.930804
0.930380
0.929957
0.929535
0.929116
0.928699
0.928283
0.927870
0.927459
0.927049
0.926642
0.926237
0.925834
0.925434
0.925035
0.924639
0.924245
0.923854
0.923465
0.923078
0.922694
0.922312
0.921933
0.921557
0.921182
0.920811
0.920442
0.920076
0.919713
0.919352
0.918995
0.918640
0.918288
0.917938
0.917592
0.917249
0.916908
0.916571
0.916237
0.915905
0.915577
0.915252
0.914930
0.914612
0.914296
0.913984
0.913675
0.913369
0.913067
0.912768
0.912472
0.912180
0.911891
0.911606
0.911324
0.911046
0.910771
0.910499
0.910232
0.909968
0.909707
0.909450
0.909197
0.908947
0.908702
0.908460
0.908221
0.907987
0.907756
0.907529
0.907306
0.907087
0.906872
0.906660
0.906453
0.906249
0.906050
0.905854
0.905663
0.905475
0.905291
0.905112
0.904936
0.904765
0.904598
0.904434
0.904275
0.904120
0.903970
0.903823
0.903680
0.903542
0.903408
0.903278
0.903152
0.903031
0.902914
0.902801
0.902692
0.902588
0.902487
0.902392
0.902300
0.902213
0.902130
0.902051
0.901977
0.901907
0.901841
0.901780
0.901723
0.901671
0.901622
0.901579
0.901539
0.901504
0.901473
0.901447
0.901425
0.901408
0.901394
0.901386
0.901381
0.901381
0.901386
0.901394
0.901408
0.901425
0.901447
0.901473
0.901504
0.901539
0.901579
0.901622
0.901671
0.901723
0.901780
0.901841
0.901907
0.901977
0.902051
0.902130
0.902213
0.902300
0.902392
0.902487
0.902588
0.902692
0.902801
0.902914
0.903031
0.903152
0.903278
0.903408
0.903542
0.903680
0.903823
0.903970
0.904120
0.904275
0.904434
0.904598
0.904765
0.904936
0.905112
0.905291
0.905475
0.905663
0.905854
0.906050
0.906249
0.906453
0.906660
0.906872
0.907087
0.907306
0.907529
0.907756
0.907987
0.908221
0.908460
0.908702
0.908947
0.909197
0.909450
0.909707
0.909968
0.910232
0.910499
0.910771
0.911046
0.911324
0.911606
0.911891
0.912180
0.912472
0.912768
0.913067
0.913369
0.913675
0.913984
0.914296
0.914612
0.914930
0.915252
0.915577
0.915905
0.916237
0.916571
0.916908
0.917249
0.917592
0.917938
0.918288
0.918640
0.918995
0.919352
0.919713
0.920076
0.920442
0.920811
0.921182
0.921557
0.921933
0.922312
0.922694
0.923078
0.923465
0.923854
0.924245
0.924639
0.925035
0.925434
0.925834
0.926237
0.926642
0.927049
0.927459
0.927870
0.928283
0.928699
0.929116
0.929535
0.929957
0.930380
0.930804
0.931231
0.931659
0.932089
0.932521
0.932954
0.933389
0.933825
0.934263
0.934703
0.935143
0.935586
0.936029
0.936474
0.936920
0.937367
0.937816
0.938265
0.938716
0.939168
0.939621
0.940075
0.940529
0.940985
0.941441
0.941899
0.942357
0.942816
0.943275
0.943736
0.944196
0.944658
0.945120
0.945582
0.946045
0.946509
0.946972
0.947436
0.947901
0.948365
0.948830
0.949295
0.949760
0.950225
0.950690
0.951156
0.951621
0.952086
0.952551
0.953015
0.953480
0.953944
0.954408
0.954872
0.955335
0.955798
0.956261
0.956723
0.957184
0.957645
0.958105
0.958565
0.959024
0.959482
0.959939
0.960396
0.960851
0.961306
0.961760
0.962213
0.962665
0.963115
0.963565
0.964013
0.964461
0.964907
0.965352
0.965795
0.966237
0.966678
0.967117
0.967555
0.967992
0.968426
0.968860
0.969291
0.969721
0.970150
0.970576
0.971001
0.971424
0.971845
0.972264
0.972682
0.973097
0.973511
0.973922
0.974331
0.974738
0.975143
0.975546
0.975947
0.976345
0.976742
0.977135
0.977527
0.977916
0.978303
0.978687
0.979068
0.979448
0.979824
0.980198
0.980570
0.980938
0.981304
0.981668
0.982028
0.982386
0.982741
0.983093
0.983442
0.983789
0.984132
0.984472
0.984810
0.985144
0.985475
0.985803
0.986128
0.986450
0.986769
0.987084
0.987397
0.987706
0.988011
0.988314
0.988613
0.988908
0.989201
0.989490
0.989775
0.990057
0.990335
0.990610
0.990881
0.991149
0.991413
0.991674
0.991931
0.992184
0.992433
0.992679
0.992921
0.993159
0.993394
0.993624
0.993851
0.994074
0.994294
0.994509
0.994720
0.994928
0.995131
0.995331
0.995526
0.995718
0.995906
0.996089
0.996269
0.996444
0.996616
0.996783
0.996946
0.997105
0.997260
0.997411
0.997558
0.997700
0.997839
0.997973
0.998103
0.998228
0.998350
0.998467
0.998580
0.998689
0.998793
0.998893
0.998989
0.999081
0.999168
0.999251
0.999329
0.999404
0.999474
0.999539
0.999601
0.999658
0.999710
0.999758
0.999802
0.999842
0.999877
0.999907
0.999934
0.999956
0.999973
0.999986
0.999995
0.999999
1.000000
1.000000
1.000000
1.000000
1.000000
1.000000
1.000000
1.000000
1.000000
1.000000
1.000000
1.000000
1.000000
1.000000
1.000000
1.000000
1.000000
1.000000
1.000000
1.000000
1.000000
1.000000
1.000000
1.000000
1.000000
1.000000
1.000000
1.000000
1.000000
1.000000
1.000000
1.000000
1.000000
1.000000
1.000000
1.000000
1.000000
1.000000
1.000000
1.000000
1.000000
1.000000
1.000000
1.000000
1.000000
1.000000
1.000000
1.000000
1.000000
1.000000
1.000000
1.000000
1.000000
1.000000
1.000000
1.000000
1.000000
1.000000
1.000000
1.000000
1.000000
1.000000
1.000000
1.000000
1.000000
1.000000
1.000000
1.000000
1.000000
1.000000
1.000000
1.000000
1.000000
1.000000
1.000000
1.000000
1.000000
1.000000
1.000000
1.000000
1.000000
1.000000
1.000000
1.000000
1.000000
1.000000
1.000000
1.000000
1.000000
1.000000
1.000000
1.000000
1.000000
1.000000
1.000000
1.000000
1.000000
1.000000
1.000000
1.000000
1.000000
1.000000
1.000000
1.000000
1.000000
1.000000
1.000000
1.000000
1.000000
1.000000
1.000000
1.000000
1.000000
1.000000
1.000000
1.000000
1.000000
1.000000
1.000000
1.000000
1.000000
1.000000
1.000000
1.000000
1.000000
1.000000
1.000000
1.000000
1.000000
1.000000
1.000000
1.000000
1.000000
1.000000
1.000000
1.000000
1.000000
1.000000
1.000000
1.000000
1.000000
1.000000
1.000000
1.000000
1.000000
1.000000
1.000000
1.000000
1.000000
1.000000
1.000000
1.000000
1.000000
1.000000
1.000000
1.000000
1.000000
1.000000
1.000000
1.000000
1.000000
1.000000
1.000000
1.000000
1.000000
1.000000
1.000000
