1.000000
1.000000
1.000000
1.000000
1.000000
1.000000
1.000000
1.000000
1.000000
1.000000
1.000000
1.000000
1.000000
1.000000
1.000000
1.000000
1.000000
1.000000
1.000000
1.000000
1.000000
1.000000
1.000000
1.000000
1.000000
1.000000
1.000000
1.000000
1.000000
1.000000
1.000000
1.000000
1.000000
1.000000
1.000000
1.000000
1.000000
1.000000
1.000000
1.000000
1.000000
1.000000
1.000000
1.000000
1.000000
1.000000
1.000000
1.000000
1.000000
1.000000
1.000000
1.000000
1.000000
1.000000
1.000000
1.000000
1.000000
1.000000
1.000000
1.000000
1.000000
1.000000
1.000000
1.000000
1.000000
1.000000
1.000000
1.000000
1.000000
1.000000
1.000000
1.000000
1.000000
1.000000
1.000000
1.000000
1.000000
1.000000
1.000000
1.000000
1.000000
1.000000
1.000000
1.000000
1.000000
1.000000
1.000000
1.000000
1.000000
1.000000
1.000000
1.000000
1.000000
1.000000
1.000000
1.000000
1.000000
1.000000
1.000000
1.000000
1.000000
1.000000
1.000000
1.000000
1.000000
1.000000
1.000000
1.000000
1.000000
1.000000
1.000000
1.000000
1.000000
1.000000
1.000000
1.000000
1.000000
1.000000
1.000000
1.000000
1.000000
1.000000
1.000000
1.000000
1.000000
1.000000
1.000000
1.000000
1.000000
1.000000
1.000000
1.000000
1.000000
1.000000
1.000000
1.000000
1.000000
1.000000
1.000000
1.000000
1.000000
1.000000
1.000000
1.000000
1.000000
1.000000
1.000000
1.000000
1.000000
1.000000
1.000000
1.000000
1.000000
1.000000
1.000000
1.000000
1.000000
1.000000
1.000000
1.000000
1.000000
1.000000
1.000000
1.000000
1.000000
1.000000
1.000000
0.999999
0.999987
0.999964
0.999929
0.999883
0.999825
0.999755
0.999674
0.999582
0.999477
0.999362
0.999234
0.999096
0.998945
0.998784
0.998610
0.998426
0.998229
0.998022
0.997803
0.997572
0.997331
0.997078
0.996813
0.996537
0.996250
0.995952
0.995642
0.995322
0.994990
0.994647
0.994293
0.993927
0.993551
0.993164
0.992765
0.992356
0.991936
0.991505
0.991063
0.990611
0.990147
0.989673
0.989188
0.988693
0.988187
0.987670
0.987143
0.986606
0.986058
0.985500
0.984931
0.984353
0.983764
0.983165
0.982555
0.981936
0.981307
0.980668
0.980019
0.979360
0.978692
0.978013
0.977325
0.976628
0.975921
0.975205
0.974479
0.973744
0.972999
0.972246
0.971483
0.970711
0.969931
0.969141
0.968343
0.967535
0.966720
0.965895
0.965062
0.964220
0.963370
0.962512
0.961645
0.960771
0.959888
0.958997
0.958098
0.957192
0.956277
0.955355
0.954425
0.953488
0.952543
0.951591
0.950632
0.949665
0.948692
0.947711
0.946723
0.945729
0.944727
0.943720
0.942705
0.941684
0.940657
0.939623
0.938583
0.937537
0.936485
0.935427
0.934363
0.933294
0.932218
0.931138
0.930051
0.928960
0.927863
0.926761
0.925654
0.924542
0.923425
0.922303
0.921176
0.920046
0.918910
0.917770
0.916626
0.915478
0.914326
0.913169
0.912009
0.910845
0.909678
0.908506
0.907332
0.906154
0.904973
0.903789
0.902601
0.901411
0.900218
0.899022
0.897824
0.896623
0.895420
0.894214
0.893007
0.891797
0.890585
0.889372
0.888156
0.886939
0.885721
0.884501
0.883280
0.882058
0.880834
0.879610
0.878384
0.877158
0.875931
0.874704
0.873476
0.872248
0.871020
0.869792
0.868563
0.867335
0.866107
0.864879
0.863652
0.862425
0.861199
0.859974
0.858749
0.857526
0.856303
0.855082
0.853862
0.852644
0.851427
0.850212
0.848998
0.847786
0.846577
0.845369
0.844163
0.842960
0.841759
0.840561
0.839365
0.838172
0.836982
0.835795
0.834610
0.833429
0.832251
0.831077
0.829906
0.828738
0.827574
0.826414
0.825258
0.824105
0.822957
0.821813
0.820673
0.819538
0.818407
0.817280
0.816159
0.815042
0.813930
0.812823
0.811720
0.810624
0.809532
0.808446
0.807365
0.806290
0.805220
0.804156
0.803098
0.802046
0.801000
0.799960
0.798927
0.797899
0.796878
0.795864
0.794856
0.793855
0.792860
0.791873
0.790892
0.789918
0.788952
0.787992
0.787040
0.786095
0.785158
0.784228
0.783306
0.782392
0.781485
0.780586
0.779695
0.778813
0.777938
0.777071
0.776213
0.775363
0.774521
0.773688
0.772864
0.772048
0.771241
0.770442
0.769653
0.768872
0.768100
0.767338
0.766584
0.765840
0.765105
0.764379
0.763662
0.762955
0.762258
0.761570
0.760892
0.760223
0.759564
0.758915
0.758276
0.757647
0.757028
0.756419
0.755820
0.755231
0.754652
0.754083
0.753525
0.752977
0.752440
0.751913
0.751396
0.750890
0.750395
0.749910
0.749436
0.748973
0.748520
0.748078
0.747647
0.747227
0.746818
0.746420
0.746032
0.745656
0.745291
0.744937
0.744594
0.744262
0.743941
0.743631
0.743333
0.743046
0.742770
0.742506
0.742253
0.742011
0.741781
0.741561
0.741354
0.741158
0.740973
0.740800
0.740638
0.740488
0.740349
0.740222
0.740106
0.740002
0.739909
0.739828
0.739759
0.739701
0.739654
0.739620
0.739596
0.739585
0.739585
0.739596
0.739620
0.739654
0.739701
0.739759
0.739828
0.739909
0.740002
0.740106
0.740222
0.740349
0.740488
0.740638
0.740800
0.740973
0.741158
0.741354
0.741561
0.741781
0.742011
0.742253
0.742506
0.742770
0.743046
0.743333
0.743631
0.743941
0.744262
0.744594
0.744937
0.745291
0.745656
0.746032
0.746420
0.746818
0.747227
0.747647
0.748078
0.748520
0.748973
0.749436
0.749910
0.750395
0.750890
0.751396
0.751913
0.752440
0.752977
0.753525
0.754083
0.754652
0.755231
0.755820
0.756419
0.757028
0.757647
0.758276
0.758915
0.759564
0.760223
0.760892
0.761570
0.762258
0.762955
0.763662
0.764379
0.765105
0.765840
0.766584
0.767338
0.768100
0.768872
0.769653
0.770442
0.771241
0.772048
0.772864
0.773688
0.774521
0.775363
0.776213
0.777071
0.777938
0.778813
0.779695
0.780586
0.781485
0.782392
0.783306
0.784228
0.785158
0.786095
0.787040
0.787992
0.788952
0.789918
0.790892
0.791873
0.792860
0.793855
0.794856
0.795864
0.796878
0.797899
0.798927
0.799960
0.801000
0.802046
0.803098
0.804156
0.805220
0.806290
0.807365
0.808446
0.809532
0.810624
0.811720
0.812823
0.813930
0.815042
0.816159
0.817280
0.818407
0.819538
0.820673
0.821813
0.822957
0.824105
0.825258
0.826414
0.827574
0.828738
0.829906
0.831077
0.832251
0.833429
0.834610
0.835795
0.836982
0.838172
0.839365
0.840561
0.841759
0.842960
0.844163
0.845369
0.846577
0.847786
0.848998
0.850212
0.851427
0.852644
0.853862
0.855082
0.856303
0.857526
0.858749
0.859974
0.861199
0.862425
0.863652
0.864879
0.866107
0.867335
0.868563
0.869792
0.871020
0.872248
0.873476
0.874704
0.875931
0.877158
0.878384
0.879610
0.880834
0.882058
0.883280
0.884501
0.885721
0.886939
0.888156
0.889372
0.890585
0.891797
0.893007
0.894214
0.895420
0.896623
0.897824
0.899022
0.900218
0.901411
0.902601
0.903789
0.904973
0.906154
0.907332
0.908506
0.909678
0.910845
0.912009
0.913169
0.914326
0.915478
0.916626
0.917770
0.918910
0.920046
0.921176
0.922303
0.923425
0.924542
0.925654
0.926761
0.927863
0.928960
0.930051
0.931138
0.932218
0.933294
0.934363
0.935427
0.936485
0.937537
0.938583
0.939623
0.940657
0.941684
0.942705
0.943720
0.944727
0.945729
0.946723
0.947711
0.948692
0.949665
0.950632
0.951591
0.952543
0.953488
0.954425
0.955355
0.956277
0.957192
0.958098
0.958997
0.959888
0.960771
0.961645
0.962512
0.963370
0.964220
0.965062
0.965895
0.966720
0.967535
0.968343
0.969141
0.969931
0.970711
0.971483
0.972246
0.972999
0.973744
0.974479
0.975205
0.975921
0.976628
0.977325
0.978013
0.978692
0.979360
0.980019
0.980668
0.981307
0.981936
0.982555
0.983165
0.983764
0.984353
0.984931
0.985500
0.986058
0.986606
0.987143
0.987670
0.988187
0.988693
0.989188
0.989673
0.990147
0.990611
0.991063
0.991505
0.991936
0.992356
0.992765
0.993164
0.993551
0.993927
0.994293
0.994647
0.994990
0.995322
0.995642
0.995952
0.996250
0.996537
0.996813
0.997078
0.997331
0.997572
0.997803
0.998022
0.998229
0.998426
0.998610
0.998784
0.998945
0.999096
0.999234
0.999362
0.999477
0.999582
0.999674
0.999755
0.999825
0.999883
0.999929
0.999964
0.999987
0.999999
1.000000
1.000000
1.000000
1.000000
1.000000
1.000000
1.000000
1.000000
1.000000
1.000000
1.000000
1.000000
1.000000
1.000000
1.000000
1.000000
1.000000
1.000000
1.000000
1.000000
1.000000
1.000000
1.000000
1.000000
1.000000
1.000000
1.000000
1.000000
1.000000
1.000000
1.000000
1.000000
1.000000
1.000000
1.000000
1.000000
1.000000
1.000000
1.000000
1.000000
1.000000
1.000000
1.000000
1.000000
1.000000
1.000000
1.000000
1.000000
1.000000
1.000000
1.000000
1.000000
1.000000
1.000000
1.000000
1.000000
1.000000
1.000000
1.000000
1.000000
1.000000
1.000000
1.000000
1.000000
1.000000
1.000000
1.000000
1.000000
1.000000
1.000000
1.000000
1.000000
1.000000
1.000000
1.000000
1.000000
1.000000
1.000000
1.000000
1.000000
1.000000
1.000000
1.000000
1.000000
1.000000
1.000000
1.000000
1.000000
1.000000
1.000000
1.000000
1.000000
1.000000
1.000000
1.000000
1.000000
1.000000
1.000000
1.000000
1.000000
1.000000
1.000000
1.000000
1.000000
1.000000
1.000000
1.000000
1.000000
1.000000
1.000000
1.000000
1.000000
1.000000
1.000000
1.000000
1.000000
1.000000
1.000000
1.000000
1.000000
1.000000
1.000000
1.000000
1.000000
1.000000
1.000000
1.000000
1.000000
1.000000
1.000000
1.000000
1.000000
1.000000
1.000000
1.000000
1.000000
1.000000
1.000000
1.000000
1.000000
1.000000
1.000000
1.000000
1.000000
1.000000
1.000000
1.000000
1.000000
1.000000
1.000000
1.000000
1.000000
1.000000
1.000000
1.000000
1.000000
1.000000
1.000000
1.000000
1.000000
1.000000
1.000000
1.000000
1.000000
1.000000
1.000000
1.000000
