0.011781 
0.010996 
0.009606 
0.012124 
0.010472 
0.010069 
0.009687 
0.010009 
0.010372 
0.011217 
0.015225 
0.015628 
0.015749 
0.017058 
0.019354 
0.014198 
0.012063 
0.012023 
0.013211 
0.017460 
0.017299 
0.014399 
0.007874 
0.000000 
0.000020 
0.000000 
0.000342 
0.003565 
0.007190 
0.008801 
0.011358 
0.014158 
0.016695 
0.016313 
0.013171 
0.010915 
0.009485 
0.010110 
0.011882 
0.012607 
0.015890 
0.017702 
0.020421 
0.022797 
0.029544 
0.030289 
0.026986 
0.022153 
0.021247 
0.018286 
0.016615 
0.019011 
0.019051 
0.016393 
0.017622 
0.016534 
0.014460 
0.014037 
0.016574 
0.015628 
0.015346 
0.017521 
0.015970 
0.015104 
0.014520 
0.013453 
0.014782 
0.013392 
0.011056 
0.010452 
0.011620 
0.011056 
